00000000
00040105
00001000
00040001
00001000
00020105
00001000
00020115
00001000
00040001
00001000
00010105
00001000
00010115
00001000
00010105
00001000
00010115
00001000
00040001
00001000
00008105
00001000
00008115
00001000
00008105
00001000
00008115
00001000
00008105
00001000
00008115
00001000
00008105
00001000
00008115
00001000
00004105
00001000
00004115
00001000
00004105
00001000
00004115
00001000
00004105
00001000
00004115
00001000
00004105
00001000
00004115
00001000
00004105
00001000
00004115
00001000
00004105
00001000
00004115
00001000
00004105
00001000
00004115
00001000
00004105
00001000
00004115
00001000
00040001
00001000
11000000
