00000000
0001812C
00001000
0000812C
00001000
00002001
00001000
0002012C
001200B2
00001000
00101000
0001013D
00001000
0001012C
00001000
000300B2
002301C1
00001000
00201000
000100EE
00001000
000200C8
001100C8
00101000
0011012C
00001000
00101000
000400E0
001100E0
00101000
0011012C
00101000
001100E0
00101000
0011012C
00001000
00101000
00018001
00001000
0003012C
0011012C
00101000
00108164
00101000
00108150
00101000
00110164
00001000
00101000
000100E0
00001000
0003011B
0011011B
00101000
00108190
00101000
00108164
00101000
00110190
00001000
00101000
000100E0
00001000
0004010B
00240164
00201000
00001000
11000000