00000000
00004085
00001000
00001001
00001000
00004085
00001000
00001001
00001000
00005001
00001000
00005085
00001000
00005001
00001000
000050A8
00001000
00005085
00001000
00005001
00001000
00005070
00001000
00010001
00001000
000050E0
00001000
00010001
00001000
000050A8
00001000
0000A001
00001000
000050E0
00001000
0000A001
00001000
0000510B
00001000
0000A001
00001000
000050C8
00001000
00005001
00001000
000050B2
00001000
00005001
00001000
000050BD
00001000
000050C8
00001000
00005001
00001000
000070E0
00001000
00007085
00001000
00007070
00001000
00005064
00001000
00005001
00001000
0000507E
00001000
00005070
00001000
00005001
00001000
00005085
00001000
00005001
00001000
000050A8
00001000
00005096
00001000
000050B2
00001000
0000A001
00001000
000050A8
00001000
0000A001
00001000
000050E0
00001000
0000A001
00001000
0000510B
00001000
0000A001
00001000
000050C8
00001000
00005001
00001000
000050B2
00001000
00005001
00001000
000050BD
00001000
000050C8
00001000
00005001
00001000
000070E0
00001000
00007085
00001000
00007070
00001000
00005064
00001000
00005001
00001000
0000507E
00001000
00005070
00001000
00005001
00001000
00005085
00001000
00005001
00001000
000050A8
00001000
00005096
00001000
000050B2
00001000
00015001
00001000
00005070
00001000
00005077
00001000
0000507E
00001000
0000508D
00001000
00005001
00001000
00005085
00001000
00005001
00001000
000050D4
00001000
000050C8
00001000
000050A8
00001000
00005001
00001000
000050C8
00001000
000050A8
00001000
00005096
00001000
0000A001
00001000
00005070
00001000
00005077
00001000
0000507E
00001000
0000508D
00001000
00005001
00001000
00005085
00001000
00005001
00001000
00005054
00001000
00005001
00001000
00004054
00001000
00002001
00001000
00005054
00001000
00010001
00001000
0000A001
00001000
00005070
00001000
00005077
00001000
0000507E
00001000
0000508D
00001000
00005001
00001000
00005085
00001000
00005001
00001000
000050D4
00001000
000050C8
00001000
000050A8
00001000
00005001
00001000
000050C8
00001000
000050A8
00001000
00005096
00001000
0000A001
00001000
0000508D
00001000
0000A001
00001000
00005096
00001000
0000A001
00001000
000050A8
00001000
11000000