00000000
000100BD
00001000
00010001
00001000
0000A001
00001000
000020BD
00001000
00002001
00001000
000020BD
00001000
00002001
00001000
000020BD
00001000
00002001
00001000
000020BD
00001000
00002001
00001000
000050BD
00001000
00005001
00001000
000020D4
00001000
00002001
00001000
000100BD
00001000
0000A001
00001000
000020BD
00001000
00002001
00001000
000020BD
00001000
00002001
00001000
000020BD
00001000
00002001
00001000
000020BD
00001000
00002001
00001000
000050BD
00001000
00005001
00001000
000020D4
00001000
00002001
00001000
000100BD
00001000
0000A001
00001000
000020BD
00001000
00002001
00001000
000020BD
00001000
00002001
00001000
000020BD
00001000
00002001
00001000
000020BD
00001000
00002001
00001000
000080BD
00001000
000020FC
00001000
00002001
00001000
000020FC
00001000
00002001
00001000
000060FC
00001000
00002001
00001000
000020FC
00001000
00002001
00001000
000020FC
00001000
00002001
00001000
000060FC
00001000
00002001
00001000
000020FC
00001000
00002001
00001000
000020FC
00001000
00002001
00001000
000060FC
00001000
00002001
00001000
000080FC
00001000
000100BD
00001000
000100FC
00001000
0000C0FC
00001000
000020BD
00001000
00002001
00001000
000040BD
00001000
000040A8
00001000
00004096
00001000
0000408D
00001000
0002007E
00001000
00008001
00001000
0000607E
00001000
00002001
00001000
0000507E
00001000
00005077
00001000
0000506A
00001000
0002005E
00001000
00005001
00001000
0000205E
00001000
00002001
00001000
0000205E
00001000
00002001
00001000
0000505E
00001000
0000506A
00001000
00005077
00001000
0000506A
00001000
00005001
00001000
00005077
00001000
0001807E
00001000
00008001
00001000
0001007E
00001000
0000608D
00001000
00002001
00001000
0000408D
00001000
0000407E
00001000
00020077
00001000
0000807E
00001000
0000808D
00001000
0000609F
00001000
00002001
00001000
0000409F
00001000
0000408D
00001000
0002007E
00001000
0000808D
00001000
00008096
00001000
000060A8
00001000
00002001
00001000
000040A8
00001000
00004096
00001000
00020085
00001000
00010070
00001000
0001007E
00001000
11000000